 201   = 45, 68
 203   = 45, eps
 202   = 68
 204   = 45
 205   = 72
 206   = 73, eps
 212   = 81, 67, 49, 31, 64, 75, 79, 78, 1, 84, 80
 207   = 65, 66, 81
 208   = 65, 66, 81
 211   = 52, eps
 209   = 65, 66
 210   = 81
 213   = 81, eps
 214   = 81
 215   = 67
 216   = 67
 217   = 67, eps
 218   = 67, eps
 219   = 67
 220   = 69, eps
 221   = 49, 31, 64, 75, 79, 78, 1, 84, eps
 222   = 49, 31, 64, 75, 79, 78, 1, 84
 223   = 49, 31
 229   = 64
 230   = 75
 232   = 78, 79
 226   = 1, 84
 224   = 49, 31
 234   = 49, 41, 40, 6
 227   = 1, eps
 228   = 1
 233   = 49, 41, 40, 31
 243   = 49, 41, 40
 product  = 49, 41, 40, 6
 arexp  = 8, 9, eps
 235   = 49, 41, 40, 6
 pdash  = 10, 11, eps
 242   = 12, 49, 41, 40, 6
 244   = 28, 34
 245   = 25, 21, 16, 19, 18, 14
 246   = 80
 247   = 1, eps
 248   = 49
 249   = 52, eps
 else_or_not  = 83, 77
