201-1000
202-1000
203-37
204-26 37
205-42 3
206-3
207-2
208-27 4
209-27 4
210-27 4
211-2
212-32
213-1 27 36 53 33 44 47 48 49
214-1 27 50 36 53 33 44 47 48 49
215-51
216-36 51
217-51
218-27 21 33 44 48 47 1 53
219-36 27 21 33 44 48 47 1 53 49
220-3
221-49 43 46 52
222-27 21 33 44 48 47 1 53 43 52 46 49
223-27 21 33 44 48 47 1 53 43 52 46 49
224-18 7
225-18 7
226-27 21 33 44 48 47 1 53 43 52 46 49
227-53
228-3
229-27 21 33 44 48 47 1 53 43 52 46 49
230-27 21 33 44 48 47 1 53 43 52 46 49
231-27 21 33 44 48 47 1 53 43 52 46 49
232-27 21 33 44 48 47 1 53 43 52 46 49
233-7
234-3 7
235-3 7
236-8 9 3 7
237-8 9 3 7
238-10 11 3 7 8 9
239-27 25 24 21 6
240-27 25 24 21 6
241-10 11 3 7 8 9
242-10 11 3 7 8 9
244-7
245-7 19 17 14 16 15 13 45
246-6
247-27 25 24
248-32
249-3
250-2
251-2