201-54
203-37
202-54
204-26 37
205-42 3
206-3
212-32
207-2
208-27 4
211-2
209-27 4
210-27 4
213-36 27 21 33 44 48 47 1 53 49
214-50 36 27 21 33 44 48 47 1 53 49
215-51
216-36 51
217-36 51
218-27 21 33 44 48 47 1 53 49
219-36 27 21 33 44 48 47 1 53 49
220-3
221-49 27 21 33 44 48 47 1 53
222-49 27 21 33 44 48 47 1 53
223-49 27 21 33 44 48 47 1 53
229-49 27 21 33 44 48 47 1 53
230-49 27 21 33 44 48 47 1 53
231-49 27 21 33 44 48 47 1 53
232-49 27 21 33 44 48 47 1 53
226-49 27 21 33 44 48 47 1 53
224-18
225-18
234-3
235-3
236-10 11 8 9 3
237-8 9 3
242-10 11 8 9 3
241-10 11
239-6 27 25 24 21
240-6 27 25 24 21
238-10 11
227-53
228-49 27 21 33 44 48 47 1 53
233-7
245-7 3 19 17 14 16 15 13 45
244-7
246-6
247-27 25 24
248-32
249-3
250-2
251-27 2
