 201   = $
 203   = 68
 202   = $
 204   = 45, 68
 205   = 73, 3
 206   = 3
 212   = 63
 207   = 2
 208   = 49, 4
 211   = 2
 209   = 49, 4
 210   = 49, 4
 213   = 67, 49, 31, 64, 75, 79, 78, 1, 84, 80
 214   = 81, 67, 49, 31, 64, 75, 79, 78, 1, 84, 80
 215   = 82
 216   = 67, 82
 217   = 67, 82
 218   = 49, 31, 64, 75, 79, 78, 1, 84, 80
 219   = 67, 49, 31, 64, 75, 79, 78, 1, 84, 80
 220   = 3
 221   = 80, 49, 31, 64, 75, 79, 78, 1, 84
 222   = 80, 49, 31, 64, 75, 79, 78, 1, 84
 223   = 80, 49, 31, 64, 75, 79, 78, 1, 84
 229   = 80, 49, 31, 64, 75, 79, 78, 1, 84
 230   = 80, 49, 31, 64, 75, 79, 78, 1, 84
 232   = 80, 49, 31, 64, 75, 79, 78, 1, 84
 226   = 80, 49, 31, 64, 75, 79, 78, 1, 84
 224   = 24
 234   3
 227   = 84
 228   = 80, 49, 31, 64, 75, 79, 78, 1, 84
 233   = 7
 243   = 7, 3, 25, 21, 16, 19, 18, 14, 76
 product  = 8, 9, 3
 arexp  = 3
 235   = 10, 11, 8, 9, 3
 pdash  = 8, 9, 3
 242   = 7
 244   = 6
 245   = 49, 41, 40
 246   = 63
 247   = 3
 248   = 2
 249   = 49, 2
 else_or_not  = 80, 49, 31, 64, 75, 79, 78, 1, 84
