 201 := 203 202
 202 := 68 212 63
 203 := 204 203 | 500
 204 := 45 205 206 3 212 63
 205 := 72 70 71 1 207 2
 206 := 73 70 71 1 207 2 | eps
 207 := 208 49 211
 208 := 209 | 210
 209 := 65 | 66
 210 := 81 31
 211 := 52 207 | eps
 212 := 213 218 221 246
 213 := 214 213 | 500
 214 := 81 31 215 82 3
 215 := 216 216 217
 216 := 67 209 4 51 3
 217 := 216 217 | eps
 218 := 219 218 |eps
 219 := 67 208 4 49 4 220 3
 220 := 69 | eps
 221 := 222 221 | eps
 222 := 223 | 229 | 230 | 232 | 226
 223 := 224 24 234 3
 224 := 49 225
 225 := 5 51 | eps
 226 := 227 228 84 45 61 62 3
 227 := 1 248 2 24 | eps
 228 := 1 248 2
 229 := 64 6 242 7 222 221 74
 230 := 75 242 76 222 221 231
 231 := 83 222 221 77 | 77
 232 := 78 6 224 7 3 | 79 6 233 7 3
 233 := 243 | 31
 234 := 234 238 235 | 235
 235 := 235 237 s 236 | 236
 236 := 6 234 7 | 239
 237 := 10 | 11
 238 := 8 | 9
 239 := 49 | 41| 40 | 31 240
 240 := eps | 5 51
 241 := 8 | 10 | 9 | 11
 242 := 6 242 7 244 6 242 7
 242 := 243 245 243
 242 := 12 242
 243 := 49 | 41 | 40
 244 := 28 | 34
 245 := 25 | 21 | 16 |19 | 18 | 14
 246 := 80 247 3
 247 := 1 248 2 | eps
 248 := 49 249
 249 := 52 248 | eps
